4240,4494,5409,5444,6390,7047,8033,8422,8707,8908,9619,9646,10056,10082,10091,10112,10133,10134,10231,
10263,10273,10274,10277,10335,10340,10490,10553,10699,10727,10750,10815,10817,10825,10994,11142,11162,11492,11561,27274,
27864,48462,56761,76267,87436,107830,111682,119757,122229,125680,132035,146719,151335,
151896,153913,178997,183548,197723,263405,511521,604189,638178,660757,674304,682764,
689565,707951,870866,1022595,1039275,1047670,1246966,1299378,1498151,
2596692,3193550,3313564,3342555,3529912,3544220,3625712,
145847,
147678,
147868,
172211,
373275,
601737,
1048290,
2672592,
174422,
316565,
812555,
836229,
1077517,
465420,
491209,
491178,
580168,
718638,
1077613,
1445568,
2644203,
3249128,
162108,
217402,
255368,
601864,
1178050,
1322039,
1543626,
1606055,
2586928,
1057824,
1615212,
166903,
229675,
14621,
292438,
787550,
911831,
1639406,
2601873,
2672545,
74150,
148232,
166932,
293044,
722031,
672060,
1216439,
3562426,
3663118,
3192525,
56881